Core 1,Core 2,Latency (Nanoseconds)
0,0,0
0,1,53
0,2,52
0,3,57
0,4,17
0,5,53
0,6,51
0,7,54
1,0,53
1,1,0
1,2,52
1,3,56
1,4,53
1,5,17
1,6,52
1,7,57
2,0,52
2,1,52
2,2,0
2,3,58
2,4,52
2,5,52
2,6,17
2,7,53
3,0,57
3,1,56
3,2,58
3,3,0
3,4,58
3,5,56
3,6,54
3,7,17
4,0,17
4,1,53
4,2,52
4,3,58
4,4,0
4,5,53
4,6,52
4,7,63
5,0,53
5,1,17
5,2,52
5,3,56
5,4,53
5,5,0
5,6,52
5,7,55
6,0,51
6,1,52
6,2,17
6,3,54
6,4,52
6,5,52
6,6,0
6,7,94
7,0,54
7,1,57
7,2,53
7,3,17
7,4,63
7,5,55
7,6,94
7,7,0
